1556
140
766
1137
53
1768
703
1325
1241
1471
1221
571
1057
274
257
1271
271
347
753
562
1937
1281
1110
1525
419
1448
1973
96
651
1232
969
367
903
1201
1593
956
1477
471
1560
233
824
843
1172
928
1388
730
418
384
706
836
604
618
1878
363
1756
2024
119
1250
18
1866
1716
61
681
816
1698
183
668
2
1882
1610
384
2027
183
1880
1962
1624
330
902
165
784
1945
1776
1478
1298
1758
1936
1046
1522
1498
109
1452
1306
1888
1446
508
1674
354
930
157
987
1348
266
458
790
761
1934
1594
2045
875
91
1982
951
1245
379
589
811
1448
33
931
937
1070
1206
659
2021
1977
1600
2037
774
756
531
1265
615
771
1131
1475
1362
209
1902
596
777
1053
1007
1301
1244
934
1044
816
460
1951
186
1073
667
1358
1462
526
976
1100
26
449
1509
1783
1694
19
1008
612
623
1838
1527
868
1510
754
232
1139
1835
1862
1986
1869
822
795
1554
67
1922
1595
1112
71
1457
621
1229
1971
279
1435
11
482
1800
487
302
225
609
176
1218
1705
1972
453
601
653
521
1790
1587
532
2039
1956
858
1397
984
328
1825
521
397
344
205
1172
1158
82
277
1127
1849
1748
1667
293
204
300
1190
1599
851
1886
322
489
1460
1788
1102
1322
1708
1415
624
561
175
889
1977
2001
1419
752
598
1015
1461
446
689
1557
2035
1920
1848
1823
855
474
1604
554
1790
90
20
1648
57
558
75
452
991
85
1328
1599
214
481
916
533
348
1694
6
318
1612
682
202
1359
1503
1082
1243
901
1484
608
404
1383
1992
1072
1033
1441
31
1919
429
263
1449
1763
1521
668
801
1134
1496
1101
167
344
1410
1878
456
1771
1927
857
157
599
2028
1324
1826
1335
1437
2027
1344
120
1871
980
1697
935
648
57
1518
1445
60
667
1196
1960
1760
2036
430
124
1512
654
1425
1731
1038
1266
300
449
1224
972
1740
64
1614
1522
479
342
1562
244
1926
348
1479
1058
352
581
290
1353
1732
1275
1319
41
1064
782
67
1900
1723
714
1835
1465
1323
74
1367
486
1629
910
1409
473
1472
1652
836
325
873
1851
1245
529
720
155
1778
1511
1789
1088
158
1433
1802
104
198
833
176
1884
870
956
845
1111
1800
1197
1783
78
854
1594
1156
1943
1352
1940
1986
1373
1346
132
511
2005
1845
1646
1231
87
388
1897
1593
207
1412
1723
432
671
794
1971
1159
272
1530
1699
298
666
1038
868
1808
1783
480
1645
1377
1569
1354
1474
1816
1812
1939
1862
521
458
532
1007
1840
673
25
897
1431
734
1554
1013
625
1272
1758
886
2023
1805
352
860
1566
374
644
1333
18
787
1107
1013
1478
1449
1042
974
639
1865
1431
766
1159
1953
948
779
930
1889
613