1
2
2
3
7
8
8
15
15
16
17
20
20
21
21
22
22
23
25
25
27
27
29
31
32
34
37
37
38
38
40
40
41
41
45
46
47
48
49
50
52
53
54
55
56
57
58
58
58
59
59
59
59
60
61
61
62
63
63
64
65
65
68
69
70
74
74
75
75
75
76
76
78
79
81
82
82
82
82
83
85
85
85
85
88
88
89
90
91
91
91
91
93
94
94
94
95
95
95
97
97
98
99
99
99
100
100
102
106
106
106
110
111
111
115
116
116
119
120
120
123
124
125
125
125
126
129
129
130
134
136
137
139
140
143
144
144
145
145
148
150
152
155
155
158
159
159
159
161
162
162
163
164
165
166
167
167
169
169
170
171
171
172
173
174
174
174
175
175
176
176
177
177
177
177
179
180
180
180
181
183
185
186
194
194
197
199
199
200
200
201
202
203
203
204
204
204
208
211
212
212
213
213
213
216
217
218
219
220
220
221
221
222
223
223
224
225
225
226
226
227
227
228
228
229
229
231
232
233
233
234
236
237
237
238
239
239
240
242
243
244
244
244
244
245
245
245
246
247
247
248
249
249
251
251
251
252
253
254
254
256
256
258
258
259
260
260
263
264
265
267
270
270
271
271
272
272
273
274
274
275
275
277
279
280
281
281
283
283
283
283
284
284
286
286
287
288
289
293
294
302
303
304
306
306
308
308
309
309
310
313
313
316
317
320
320
325
327
327
328
329
329
330
330
330
330
331
331
337
337
338
338
339
340
340
341
341
342
342
343
344
344
345
346
347
348
349
350
350
350
355
355
357
357
357
358
359
360
360
360
361
362
362
363
363
364
364
364
365
365
365
366
366
367
368
369
370
371
374
374
379
380
381
382
383
384
384
386
391
393
394
394
396
397
400
401
404
404
407
407
407
408
408
409
411
411
412
414
416
416
417
419
420
420
420
421
423
423
424
424
425
428
429
431
432
432
434
437
437
438
441
443
444
445
447
447
448
450
450
451
452
452
452
453
455
455
457
458
458
459
459
461
462
462
463
466
467
467
470
472
472
472
473
478
481
482
484
485
486
487
490
490
491
493
493
494
495
495
496
497
497
500
500
501
501
501
502
502
503
503
504
504
505
506
506
507
508
508
508
514
515
517
517
518
518
519
519
521
522
523
524
524
524
525
526
526
528
528
528
528
530
532
532
533
533
534
534
536
536
536
538
538
538
539
539
539
540
540
544
544
544
545
547
547
548
549
549
549
550
550
551
551
551
552
552
553
555
555
557
558
558
562
563
564
564
564
566
566
570
570
570
572
572
572
572
573
573
576
576
578
578
579
579
580
581
583
585
585
586
588
590
591
592
595
595
596
597
597
597
598
599
599
600
601
601
602
602
602
603
603
606
608
608
608
608
609
609
610
611
611
612
613
613
613
615
618
619
619
620
621
621
621
626
628
628
628
629
630
631
632
633
635
635
636
637
637
637
638
639
640
640
642
643
643
644
644
647
648
649
650
651
652
652
653
653
653
655
655
656
660
661
661
662
662
663
664
664
665
665
665
665
668
668
668
668
669
670
672
674
675
677
677
677
677
677
678
679
680
680
680
681
682
685
686
686
686
688
689
690
690
691
693
694
694
694
696
697
700
700
701
701
701
701
702
702
702
702
705
706
707
708
708
708
712
713
713
714
714
715
715
717
717
717
718
718
719
722
722
724
724
725
725
729
731
732
732
732
733
734
734
735
736
737
739
740
740
742
743
743
744
744
744
746
747
750
751
752
754
755
755
756
756
756
758
763
764
764
765
766
766
767
767
767
770
771
771
772
772
773
773
773
775
775
776
777
780
780
780
782
782
783
784
784
784
785
785
789
789
790
791
792
793
794
795
796
796
796
797
797
798
800
801
803
804
804
806
806
806
807
807
807
809
810
810
811
811
813
815
816
818
818
819
819
820
820
821
821
821
821
822
823
826
829
830
830
832
832
833
834
834
835
837
839
840
841
841
841
842
842
842
843
843
843
844
845
846
848
848
848
849
849
851
853
854
854
854
854
855
856
857
860
861
863
863
863
863
866
869
870
872
873
875
875
880
881
881
884
884
885
885
886
887
887
888
889
891
891
892
892
893
895
895
896
897
897
898
898
898
899
902
904
905
906
908
908
908
909
912
913
913
914
915
915
919
919
923
923
925
927
927
929
930
931
931
933
933
933
933
933
934
934
936
938
940
940
940
942
944
944
946
946
947
949
950
950
950
951
952
952
954
959
961
961
965
965
967
969
969
970
971
972
972
972
973
978
978
979
980
981
982
982
982
985
987
987
988
988
993
993
994
994
994
994
995
