5
5
9
15
22
28
30
33
37
47
47
52
63
67
70
72
84
88
92
93
93
95
96
96
104
114
121
121
122
122
122
123
127
132
133
142
146
158
162
166
168
177
183
187
190
195
198
200
206
206
211
215
219
221
225
227
228
230
233
235
241
246
250
254
254
255
259
267
271
272
280
281
282
283
284
284
287
289
294
294
294
295
300
305
310
314
317
318
320
320
326
332
333
343
351
352
352
357
357
358
359
364
364
369
374
375
379
390
398
402
407
411
413
415
419
423
427
441
442
442
445
448
458
459
459
466
467
468
468
469
481
484
491
495
498
500
503
506
510
528
529
531
531
533
539
544
545
546
554
557
558
559
564
568
574
575
579
585
586
601
604
604
607
609
609
620
620
631
634
643
644
647
654
658
660
670
674
677
680
680
685
687
710
713
716
728
728
731
736
738
739
745
748
748
757
759
764
767
770
771
775
780
780
785
794
797
798
800
804
808
812
814
818
824
826
830
846
851
858
858
858
861
863
864
870
874
875
885
886
887
889
890
896
904
905
913
915
917
934
937
938
940
943
948
950
953
955
959
961
968
969
972
973
975
981
986
